OK
fileOk_1.txt 2 2 4 2 0 1 2 3 2 4 0 2 2 2 3 1 3 1 1 3 1 1 1 1 2 0 0 4 0 2 1 2 0 2 0 1 1 1 2 0 0 0 3 2 4 3 6 0 2 0 4 0 2 2 1 3 3 1 0 2 
fileOk_10.txt 1 0 2 2 0 5 2 1 1 1 4 0 2 0 1 1 2 2 0 2 1 2 0 1 0 2 0 1 4 1 4 2 0 0 0 1 2 1 3 1 2 2 3 2 1 1 3 1 5 0 1 2 4 3 2 3 1 7 1 1 
fileOk_11.txt 1 3 3 0 1 2 2 0 0 2 2 0 3 3 2 4 2 3 1 1 2 1 0 2 2 1 2 2 2 5 2 4 3 0 3 2 0 1 2 2 0 3 0 1 2 0 0 0 0 1 2 2 2 4 2 1 2 2 0 3 
fileOk_12.txt 2 1 2 0 3 1 1 1 2 2 2 1 0 1 3 2 1 3 1 2 2 2 2 3 1 2 2 0 1 2 2 2 1 3 0 0 3 1 2 1 5 2 2 4 1 2 1 2 1 1 2 2 2 3 0 0 1 1 3 2 
fileOk_13.txt 2 0 3 1 2 3 2 3 0 1 3 2 3 0 3 1 1 0 1 3 1 3 2 3 1 1 0 3 0 5 2 2 0 3 1 2 0 2 1 4 0 1 2 2 3 0 1 2 2 3 1 1 0 5 1 2 0 0 1 3 
fileOk_14.txt 1 2 1 1 1 1 4 1 2 1 1 5 3 2 2 0 2 3 2 0 2 0 2 4 0 2 3 1 1 1 1 2 5 1 0 3 0 1 0 2 1 2 0 0 3 3 2 0 1 3 1 1 0 2 3 1 3 2 2 4 
fileOk_15.txt 2 2 2 6 3 2 2 2 3 0 1 0 2 2 0 2 2 0 1 4 2 1 1 1 0 2 2 2 0 2 1 3 2 0 2 2 1 0 1 3 2 2 0 1 3 1 0 2 0 0 4 2 1 2 2 0 2 2 5 3 
fileOk_16.txt 0 0 1 2 1 3 1 3 0 1 0 1 4 1 3 2 1 2 1 1 3 1 1 1 0 1 5 1 5 4 1 0 2 3 1 1 3 0 0 1 4 1 2 2 1 1 5 0 1 2 1 0 0 3 4 3 1 5 1 1 
fileOk_17.txt 0 1 2 3 2 0 1 3 1 0 1 3 1 5 2 1 3 0 2 1 4 3 1 1 2 0 1 2 2 0 1 4 1 1 3 2 2 1 0 0 3 2 2 2 2 2 0 1 1 2 2 2 0 3 3 3 1 3 0 3 
fileOk_18.txt 0 2 2 3 2 0 1 2 3 3 1 1 1 1 0 1 1 1 4 1 5 3 2 3 0 1 1 1 2 2 0 1 1 3 2 2 1 1 0 1 4 1 2 3 1 1 1 4 0 3 2 1 3 2 1 3 2 2 1 1 
fileOk_19.txt 4 3 1 1 0 4 0 3 1 1 4 0 2 3 2 0 1 1 4 1 5 2 2 5 1 1 2 1 2 2 0 0 1 0 1 0 1 2 1 0 2 1 1 0 1 3 2 2 3 2 4 2 3 0 3 0 0 2 2 2 
fileOk_2.txt 0 5 1 3 2 1 1 1 2 4 1 2 1 2 2 2 2 3 0 0 1 2 0 2 1 2 2 1 4 3 1 0 1 1 1 4 1 2 3 1 3 0 0 0 2 1 1 4 2 0 1 5 2 0 1 1 2 2 1 4 
fileOk_20.txt 0 3 1 0 3 3 2 1 1 2 2 2 1 1 3 3 2 2 2 1 3 1 4 2 1 1 0 1 3 1 3 0 0 0 4 0 3 3 1 1 3 1 5 0 1 1 1 0 2 3 1 1 4 1 2 1 2 2 1 1 
fileOk_21.txt 3 2 1 0 0 1 3 0 2 1 3 3 1 0 2 2 3 2 0 2 2 0 3 2 0 1 2 3 2 4 2 1 1 2 2 0 3 3 0 1 2 1 2 1 2 0 2 3 2 2 1 2 0 1 2 3 4 1 1 3 
fileOk_22.txt 0 4 1 1 1 2 1 4 2 3 1 0 1 2 3 0 1 0 2 0 2 1 4 1 3 1 1 3 0 1 5 0 3 3 2 2 0 1 2 3 0 0 1 0 3 0 0 1 1 3 2 4 0 2 1 5 5 2 2 1 
fileOk_23.txt 2 1 2 3 3 0 2 1 2 1 2 3 0 2 1 3 3 0 0 1 3 2 0 0 3 3 4 3 2 1 2 1 0 2 1 3 2 1 1 1 1 2 1 2 2 2 2 0 2 2 3 2 1 1 2 4 2 0 1 1 
fileOk_24.txt 1 1 2 0 2 3 3 2 3 1 3 0 3 3 0 0 0 0 2 3 2 3 3 1 2 3 3 0 2 1 2 3 1 1 2 1 1 0 4 0 1 1 0 4 3 1 2 4 3 2 2 1 0 0 1 1 0 4 3 0 
fileOk_25.txt 2 3 0 2 3 1 3 0 0 2 0 2 1 1 4 1 0 3 2 6 2 2 1 3 1 0 3 2 2 3 2 2 0 2 1 3 2 3 4 0 2 1 3 2 2 1 0 0 0 1 2 1 2 1 2 2 1 1 2 0 
fileOk_26.txt 3 2 1 0 7 1 3 1 3 2 3 2 2 2 0 2 4 1 4 3 1 1 5 1 2 0 1 0 0 4 1 1 2 1 1 1 1 1 1 2 1 0 3 2 0 3 3 0 3 2 1 2 1 0 1 2 1 1 0 1 
fileOk_27.txt 3 1 2 0 1 0 5 2 6 0 2 0 2 0 2 1 1 0 2 1 0 0 2 1 2 0 0 4 4 3 1 0 1 0 3 0 1 0 4 4 0 1 2 2 2 1 4 2 2 4 2 4 2 2 2 0 2 1 3 1 
fileOk_28.txt 2 2 2 2 4 0 5 1 3 2 2 0 1 2 5 2 1 3 0 0 1 2 4 4 2 1 2 1 1 0 1 0 0 3 1 3 3 4 1 1 0 1 0 2 0 0 3 2 0 1 1 0 2 1 1 2 1 3 1 5 
fileOk_29.txt 4 0 2 1 3 2 4 1 0 2 2 2 2 1 1 1 0 1 0 0 0 1 3 2 1 2 4 2 1 2 4 2 0 1 3 0 2 5 2 3 3 1 2 2 3 1 0 1 3 2 0 1 3 2 4 0 1 1 0 1 
fileOk_3.txt 3 2 2 3 5 4 1 0 4 2 3 4 0 2 2 1 2 1 0 1 0 1 1 1 0 0 3 1 0 0 3 0 1 2 0 0 2 1 2 2 3 1 4 2 5 1 2 0 4 0 2 0 1 1 0 1 2 2 2 5 
fileOk_30.txt 3 2 2 2 1 0 1 5 3 0 1 3 2 1 2 0 3 6 2 1 2 1 1 0 2 0 1 1 0 2 1 1 2 4 0 1 1 1 2 1 2 0 1 2 2 1 2 4 2 1 2 3 2 0 1 4 0 1 3 3 
fileOk_31.txt 3 1 3 1 0 0 1 1 3 1 4 1 0 1 3 2 0 3 2 0 2 0 4 2 1 2 0 2 1 0 1 3 2 1 1 3 1 2 1 1 3 3 0 3 2 2 2 2 2 1 4 1 3 2 1 2 3 0 3 1 
fileOk_32.txt 1 3 2 1 1 0 3 5 1 2 2 3 3 0 0 1 1 2 1 2 0 0 1 3 0 2 1 0 4 3 1 2 2 1 2 2 2 3 5 4 0 0 0 1 1 1 1 1 3 3 2 0 1 0 1 3 5 2 1 2 
fileOk_33.txt 1 3 3 1 1 2 3 3 2 0 1 2 1 2 2 1 0 2 0 2 1 1 1 3 2 1 0 2 0 2 2 1 2 1 3 2 2 0 0 3 3 2 1 1 1 3 2 2 1 3 1 4 2 2 1 1 2 2 4 1 
fileOk_34.txt 1 4 2 0 1 4 2 0 1 2 1 1 0 3 0 4 5 3 3 3 2 3 1 1 3 0 1 2 2 4 1 1 1 1 1 2 0 3 2 2 1 0 0 0 0 3 3 1 1 3 1 2 1 1 1 0 4 3 2 0 
fileOk_35.txt 1 2 2 2 2 1 4 2 0 5 4 1 3 0 0 0 2 1 5 0 2 0 3 2 1 1 2 1 4 1 4 1 2 1 2 3 1 2 3 1 1 2 0 3 2 1 0 3 1 2 0 3 2 0 1 1 3 0 1 0 
fileOk_36.txt 2 1 1 2 2 0 5 1 2 2 3 1 3 0 0 2 5 2 0 2 1 3 3 2 2 2 2 2 0 3 1 1 1 1 1 1 1 3 2 0 2 0 1 1 0 1 1 2 1 2 1 4 4 1 4 0 4 1 0 2 
fileOk_37.txt 1 1 2 1 1 1 0 3 1 0 2 3 3 2 2 2 3 1 3 0 3 1 2 4 2 2 2 0 1 3 3 0 4 0 0 1 2 2 2 2 3 2 1 3 1 1 1 2 2 2 2 1 5 1 3 0 0 1 1 0 
fileOk_38.txt 0 2 2 3 0 1 3 3 2 3 2 3 0 4 0 5 6 2 2 1 2 1 0 2 0 1 1 0 1 1 1 0 3 0 1 3 1 1 2 2 0 2 1 0 0 3 1 1 2 1 4 3 0 1 3 1 2 4 3 1 
fileOk_39.txt 1 2 1 1 2 0 1 2 1 3 2 3 2 1 0 1 1 1 2 0 0 2 1 1 3 5 5 3 1 1 1 2 3 2 1 3 0 5 0 0 3 2 3 4 1 1 1 2 0 1 2 3 0 1 2 2 2 0 2 2 
fileOk_4.txt 1 4 2 0 4 1 2 2 0 1 1 0 3 3 2 0 1 0 1 4 1 3 4 0 2 2 1 0 1 3 2 1 2 1 0 0 3 0 2 3 2 1 3 0 5 2 0 4 2 0 5 0 2 1 0 3 3 0 1 3 
fileOk_40.txt 0 2 1 5 2 5 0 3 3 1 1 0 2 3 3 5 0 1 1 1 1 3 0 2 1 0 2 2 1 2 3 2 3 1 2 2 1 2 0 1 4 3 0 0 1 0 2 1 1 4 1 2 1 1 1 1 1 4 0 2 
fileOk_41.txt 1 2 2 0 1 0 2 0 2 0 1 2 5 2 1 0 1 2 3 1 2 2 1 2 3 0 1 2 1 2 3 1 1 1 0 4 3 6 2 0 1 3 1 1 1 4 2 3 1 2 2 0 3 1 0 4 1 1 2 2 
fileOk_42.txt 3 3 2 3 3 6 2 0 1 4 1 1 0 1 1 3 0 0 0 2 3 1 3 1 1 0 4 3 4 1 0 1 2 1 1 0 2 5 2 1 1 0 2 0 2 3 1 1 1 3 5 4 0 0 0 2 0 1 1 1 
fileOk_43.txt 0 0 0 0 5 1 0 2 4 2 2 3 1 4 4 1 1 3 2 1 4 0 2 3 0 0 0 1 1 4 0 2 1 1 2 1 1 1 3 4 5 1 0 4 0 1 3 2 0 2 0 1 0 1 2 0 1 2 4 4 
fileOk_44.txt 1 1 4 1 0 2 2 1 2 3 1 1 2 0 0 2 1 2 2 3 2 0 1 2 4 3 1 1 1 3 2 2 2 2 3 2 0 2 1 2 0 1 2 4 2 0 4 1 1 0 0 1 3 4 2 1 0 1 4 2 
fileOk_45.txt 1 0 2 0 2 3 2 1 1 0 4 4 0 2 2 1 4 1 6 2 1 2 1 0 1 2 0 3 1 3 0 2 0 4 0 2 0 2 4 2 2 0 0 3 2 1 2 1 3 4 0 1 1 2 1 0 5 2 1 1 
fileOk_46.txt 1 0 0 2 1 1 0 0 0 3 1 2 3 2 2 2 3 1 2 3 4 3 1 1 0 5 1 1 1 2 2 1 1 3 3 2 1 1 2 1 0 2 2 4 0 1 1 2 0 1 0 2 3 2 7 1 2 2 1 2 
fileOk_47.txt 3 1 0 1 1 2 4 0 5 5 1 2 0 0 2 0 2 4 2 2 3 1 0 0 3 0 2 1 1 3 2 2 1 1 1 0 1 1 1 1 1 3 0 0 3 2 1 6 2 2 1 3 2 3 1 1 1 2 2 2 
fileOk_48.txt 3 5 5 3 3 2 4 2 1 3 0 1 2 0 1 2 4 2 0 2 0 2 1 2 2 2 2 2 1 1 1 2 0 1 2 3 2 0 0 2 1 0 2 3 0 1 1 1 2 1 0 3 0 1 0 2 6 1 1 1 
fileOk_49.txt 3 4 0 4 0 4 1 2 2 3 1 1 2 1 3 3 1 0 0 1 1 1 1 3 2 1 1 2 0 2 1 1 1 0 1 3 1 1 4 2 1 3 0 2 2 1 4 1 1 1 5 0 0 1 2 3 3 2 2 1 
fileOk_5.txt 2 0 2 3 0 1 3 2 6 5 2 2 1 4 3 1 3 2 3 3 3 2 0 2 3 0 1 1 1 3 1 0 3 0 0 2 1 0 0 0 1 1 1 2 1 1 0 2 5 3 1 0 2 1 1 2 0 3 1 1 
fileOk_50.txt 2 2 4 1 1 2 2 6 2 2 1 2 1 0 1 2 0 3 0 0 1 2 3 1 3 3 4 2 1 2 2 1 1 0 1 0 0 1 0 1 0 1 0 0 2 4 4 1 1 3 1 4 2 2 1 4 1 5 1 0 
fileOk_6.txt 3 1 0 2 2 2 4 2 1 4 3 1 1 2 2 0 1 5 4 2 1 1 0 0 0 0 0 2 1 0 2 0 4 2 1 1 0 2 3 1 2 3 1 1 0 3 4 1 1 3 2 2 0 2 4 1 2 3 2 0 
fileOk_7.txt 0 2 1 2 2 3 1 2 0 1 2 1 0 2 3 2 2 5 2 3 1 1 5 1 1 1 0 0 1 1 1 3 1 4 2 2 1 1 3 3 2 1 3 1 1 1 1 2 0 1 3 5 1 0 3 0 3 2 0 1 
fileOk_8.txt 1 0 1 3 1 1 1 1 2 0 3 1 1 3 1 2 1 1 2 3 2 3 0 4 2 1 3 1 1 0 4 2 3 2 1 3 2 2 2 1 1 1 4 2 3 3 0 2 1 2 3 2 1 0 2 0 1 1 2 1 
fileOk_9.txt 2 2 2 2 2 0 1 2 1 2 0 2 1 1 1 3 3 2 2 2 1 2 1 0 1 0 2 3 0 2 3 1 1 2 3 2 1 3 0 2 0 4 2 2 0 2 1 2 2 2 1 3 3 2 3 1 1 2 3 1 
SPAM
fileSpam_1.txt 1 0 1 1 0 0 0 0 0 0 1 0 1 0 0 1 2 1 0 2 1 0 0 0 0 0 0 1 0 1 4 1 4 4 5 0 4 3 1 4 2 2 4 4 3 2 1 5 4 3 0 5 4 0 4 1 3 5 4 0 
fileSpam_10.txt 0 1 1 0 1 0 1 0 0 0 1 2 0 1 1 0 1 0 0 0 0 0 1 0 0 0 0 0 0 1 6 3 0 1 4 0 6 3 3 1 3 3 3 1 4 2 6 3 2 3 1 3 2 3 1 3 7 4 2 5 
fileSpam_11.txt 0 0 1 1 0 1 0 2 1 1 0 0 0 1 0 0 0 0 1 0 1 0 0 0 2 2 0 1 0 0 6 5 3 3 1 2 0 2 3 3 1 2 0 0 3 2 3 1 4 3 6 5 3 2 3 4 7 6 1 1 
fileSpam_12.txt 1 0 0 0 0 1 0 0 0 0 1 0 1 1 0 1 0 0 0 0 2 1 1 0 0 1 0 0 0 2 3 1 3 2 2 3 5 1 5 2 4 2 1 3 4 2 3 4 4 4 5 3 3 0 4 5 2 3 3 1 
fileSpam_13.txt 1 0 0 0 1 0 0 0 1 0 0 0 0 1 0 0 0 1 1 1 0 0 0 1 0 0 1 1 1 0 5 5 0 3 5 5 4 1 5 2 3 4 3 1 3 4 2 3 3 2 2 4 5 2 3 2 3 0 1 4 
fileSpam_14.txt 2 0 0 0 0 0 1 0 0 0 0 0 2 1 2 0 0 0 1 1 0 0 1 1 1 0 0 0 0 1 2 1 2 0 4 1 5 2 7 4 3 1 3 4 2 2 3 2 5 4 4 4 1 2 3 1 1 2 5 6 
fileSpam_15.txt 0 0 0 0 0 0 1 0 0 0 1 0 1 0 2 0 0 1 0 0 0 3 1 4 1 1 0 0 0 0 4 2 2 3 4 3 8 6 2 2 1 1 2 5 4 0 3 2 2 1 2 1 6 4 4 1 3 3 0 3 
fileSpam_16.txt 0 0 0 0 0 0 1 0 0 1 1 0 1 1 0 0 0 0 0 0 0 0 1 0 0 0 0 2 0 1 5 2 3 7 0 1 2 4 4 3 4 4 2 3 3 1 4 5 3 4 3 2 2 1 1 5 2 2 4 5 
fileSpam_17.txt 0 0 0 2 2 1 0 0 0 1 0 0 0 1 2 0 1 0 0 0 0 0 0 1 1 1 1 0 1 0 4 3 1 3 2 3 2 1 6 3 3 5 4 2 7 1 2 4 4 0 2 2 2 2 1 3 3 2 2 6 
fileSpam_18.txt 2 1 2 1 0 0 1 0 1 0 1 0 0 0 1 0 0 1 1 0 1 0 0 1 1 0 1 0 0 0 2 3 4 1 2 4 3 3 4 5 3 4 0 3 2 3 3 4 0 3 5 1 5 3 1 6 2 1 4 0 
fileSpam_19.txt 0 1 1 0 0 0 0 0 0 0 0 0 0 1 0 0 0 0 1 1 0 1 0 0 1 0 0 0 0 1 1 4 5 2 3 5 6 6 3 3 3 4 3 0 1 3 1 2 4 3 2 4 3 4 2 3 5 2 2 3 
fileSpam_2.txt 0 0 1 1 0 1 0 0 0 0 0 0 1 0 0 1 0 1 0 1 1 1 0 1 0 0 0 0 2 0 5 4 3 0 1 4 1 2 2 2 5 3 3 2 2 1 2 1 5 2 0 4 3 5 3 5 2 7 4 5 
fileSpam_20.txt 0 1 3 0 2 1 2 0 0 1 1 0 0 1 0 2 1 0 0 0 0 0 1 1 1 0 0 1 0 2 3 6 2 1 3 2 1 3 4 1 2 3 0 2 0 4 3 5 4 4 3 3 3 2 2 3 4 3 1 2 
fileSpam_21.txt 0 0 0 0 0 0 2 0 0 0 0 0 0 0 0 0 0 1 0 0 0 0 1 2 2 0 1 0 0 0 1 2 2 3 3 3 2 4 5 3 5 3 2 2 1 3 4 4 5 4 1 6 3 1 6 2 4 2 0 5 
fileSpam_22.txt 1 2 0 2 0 1 1 0 0 0 1 0 1 0 0 1 0 0 1 1 0 0 0 1 1 2 1 0 0 1 2 0 5 1 0 2 5 2 3 3 4 6 4 5 0 5 4 4 3 0 4 3 5 1 3 1 0 3 2 2 
fileSpam_23.txt 0 0 0 1 0 0 0 2 0 0 0 0 0 1 0 1 2 1 2 0 0 1 0 0 1 1 1 0 0 0 2 4 4 1 0 4 1 4 2 3 4 6 3 5 1 2 3 1 0 1 3 5 1 3 4 5 7 4 1 2 
fileSpam_24.txt 0 1 1 0 1 1 0 0 0 0 0 0 2 1 0 0 0 1 1 0 0 1 0 1 1 0 1 0 1 0 4 2 4 2 3 4 1 5 3 1 5 1 3 2 2 7 4 2 2 3 2 3 4 2 0 1 2 5 1 6 
fileSpam_25.txt 1 1 0 1 2 0 1 0 1 0 1 0 0 0 0 1 0 1 0 0 2 0 1 0 2 0 1 0 0 0 2 3 3 2 2 5 5 6 3 4 3 3 3 2 3 2 1 1 1 1 8 5 2 0 0 3 2 3 3 3 
fileSpam_26.txt 0 1 0 0 3 0 0 0 0 0 0 1 1 1 0 1 0 1 1 0 1 0 1 1 0 0 0 1 0 2 2 2 4 1 2 2 1 5 6 7 3 2 3 5 2 1 4 1 2 3 1 1 3 3 2 2 1 3 4 6 
fileSpam_27.txt 0 0 1 0 0 1 0 0 0 0 0 0 0 1 0 0 1 0 0 2 0 0 1 1 1 3 0 2 1 1 2 1 2 4 1 2 3 3 3 3 3 2 1 6 3 1 6 3 5 4 1 2 3 3 3 1 3 3 3 4 
fileSpam_28.txt 2 1 1 0 1 0 0 2 2 0 0 0 0 3 1 0 1 0 0 0 1 0 2 0 0 1 0 0 0 0 2 2 5 2 1 1 4 1 3 5 3 0 2 2 5 0 1 5 6 5 6 1 4 1 3 3 2 1 1 5 
fileSpam_29.txt 1 0 0 1 1 0 0 0 1 1 0 1 1 0 0 0 1 0 1 0 1 0 0 0 1 1 0 0 0 0 4 2 1 4 4 3 2 1 3 2 1 3 2 6 3 0 4 7 1 1 3 7 3 2 7 3 2 1 1 5 
fileSpam_3.txt 0 0 1 0 1 0 1 0 0 1 1 1 1 0 2 1 0 0 0 0 0 0 0 0 1 1 1 0 0 2 3 3 3 2 1 2 3 2 5 2 4 1 1 7 1 4 2 2 2 4 4 3 3 8 0 2 3 1 3 4 
fileSpam_30.txt 0 0 1 0 0 0 2 0 1 3 0 0 2 0 1 0 2 0 0 2 0 0 0 0 0 0 0 0 0 1 5 8 4 2 5 5 4 0 2 3 2 0 1 2 5 2 3 4 2 1 3 3 1 3 1 2 4 3 3 2 
fileSpam_31.txt 1 4 0 0 0 0 0 2 0 0 0 0 0 0 1 1 1 0 0 0 0 2 1 1 1 1 0 1 0 0 3 0 2 3 2 5 1 3 4 5 1 2 0 2 4 3 3 3 1 2 3 3 3 2 5 7 3 3 2 3 
fileSpam_32.txt 0 0 0 0 0 0 1 2 0 1 1 1 1 0 0 0 1 0 0 0 0 0 0 0 0 0 0 0 0 1 2 3 4 5 2 1 2 1 4 7 1 4 2 4 2 6 3 1 2 1 3 2 2 5 3 1 3 8 5 2 
fileSpam_33.txt 0 1 2 0 0 0 1 1 0 0 1 0 0 0 0 1 0 1 0 0 1 0 0 0 1 0 0 0 1 0 2 1 3 3 3 4 2 9 3 0 3 4 4 2 4 2 5 7 2 1 0 3 1 0 3 2 3 5 6 2 
fileSpam_34.txt 2 0 0 0 0 1 0 2 1 0 0 0 0 2 1 0 0 0 0 1 1 0 3 1 0 1 0 0 0 0 4 3 1 3 3 0 6 3 2 5 5 2 1 4 2 3 1 1 1 1 1 5 4 2 4 1 5 4 4 3 
fileSpam_35.txt 2 2 0 0 2 0 0 0 2 1 0 0 1 2 0 1 1 1 0 0 0 0 1 0 1 1 0 0 1 0 3 5 2 5 4 1 2 3 4 2 4 1 3 2 4 3 4 1 2 3 4 1 2 2 2 0 5 3 2 2 
fileSpam_36.txt 0 1 1 1 0 0 0 0 0 2 0 1 0 0 0 0 0 0 0 0 0 0 0 1 1 1 1 1 0 1 3 2 3 2 2 1 1 5 7 3 1 2 3 2 3 3 1 6 3 3 3 3 4 5 2 3 2 0 3 7 
fileSpam_37.txt 0 0 1 0 1 1 0 0 0 0 0 1 0 1 0 1 1 0 0 1 0 0 1 1 0 1 0 0 2 0 3 0 1 7 6 1 2 4 0 3 1 4 2 2 1 4 4 5 4 3 3 4 1 4 4 3 3 2 3 3 
fileSpam_38.txt 1 0 1 1 2 0 0 0 0 0 2 0 1 1 1 1 0 0 2 0 1 1 2 0 0 0 0 2 1 0 3 2 4 4 4 0 2 3 1 2 3 3 3 6 1 3 2 2 1 0 4 5 1 4 1 6 2 4 2 2 
fileSpam_39.txt 1 0 0 0 0 0 1 0 0 3 0 1 0 0 0 0 0 1 1 0 0 0 1 0 1 0 0 0 0 0 3 1 4 2 2 3 2 3 2 2 4 4 3 4 2 3 5 3 3 8 4 2 0 4 5 1 2 5 4 0 
fileSpam_4.txt 0 0 0 0 0 1 1 1 1 0 1 1 0 0 2 0 0 0 0 1 0 1 0 1 0 0 0 1 0 1 4 3 6 1 1 6 2 3 1 3 1 4 4 1 5 2 1 2 1 4 1 3 2 8 5 2 5 1 1 4 
fileSpam_40.txt 0 0 0 1 0 0 0 1 2 2 0 0 0 2 0 0 0 0 0 0 1 1 0 0 0 0 0 0 0 0 4 3 1 3 2 2 2 1 5 3 2 3 1 4 3 4 4 5 3 2 4 2 3 3 3 1 9 2 4 2 
fileSpam_41.txt 0 1 0 1 0 1 0 0 1 1 0 1 0 1 0 0 0 0 0 0 0 0 0 0 0 0 2 2 0 0 2 1 7 3 3 2 5 2 3 1 5 2 1 1 1 5 4 4 2 5 5 2 5 2 1 2 4 5 3 1 
fileSpam_42.txt 1 0 1 0 2 0 0 1 1 0 0 2 2 1 2 0 0 1 2 1 0 0 0 1 0 0 0 1 0 0 3 1 3 1 2 2 4 4 0 3 3 3 1 1 3 2 3 3 1 2 5 4 1 7 3 2 4 1 5 4 
fileSpam_43.txt 0 3 0 0 1 1 0 0 1 0 1 0 1 0 0 0 0 0 0 1 0 2 2 1 1 0 0 1 1 0 5 4 0 1 1 5 0 3 3 3 3 0 5 3 1 1 2 2 1 1 10 4 2 4 3 4 4 1 6 1 
fileSpam_44.txt 1 1 0 0 1 1 0 0 0 1 2 0 0 1 0 1 2 0 0 0 1 1 0 1 0 0 0 0 0 0 5 3 5 0 3 3 2 4 2 2 2 2 5 2 4 2 1 4 3 2 1 0 5 4 3 2 4 5 6 0 
fileSpam_45.txt 1 0 0 0 0 1 0 0 1 0 0 0 0 0 1 0 0 0 1 0 1 0 0 1 0 0 0 0 0 0 6 3 4 2 3 3 3 4 3 4 3 1 4 1 3 4 5 4 3 3 2 0 2 1 3 4 5 4 4 2 
fileSpam_46.txt 3 0 1 0 1 0 1 2 0 0 0 0 0 1 0 0 0 1 0 1 0 0 1 0 0 0 1 0 0 0 3 2 3 4 6 3 5 2 0 3 5 3 6 1 4 5 1 1 2 3 3 1 0 4 1 3 5 2 2 4 
fileSpam_47.txt 1 0 0 0 0 1 0 0 0 0 1 1 1 0 0 0 2 0 1 0 1 0 0 0 1 0 0 1 0 0 4 3 4 4 4 2 3 1 7 2 2 4 1 1 5 2 6 1 2 2 0 1 4 5 4 2 4 3 5 1 
fileSpam_48.txt 0 1 0 0 1 0 1 0 0 0 0 0 1 0 0 0 2 1 0 1 1 1 2 2 0 0 0 1 2 0 1 4 2 2 5 4 2 2 3 3 3 0 2 0 4 1 4 6 2 2 2 4 3 2 4 3 4 3 1 5 
fileSpam_49.txt 2 0 1 0 0 0 1 0 0 1 0 0 1 0 0 0 1 0 0 2 2 0 1 0 1 0 0 0 2 0 3 3 4 1 1 3 3 3 3 3 3 3 0 2 6 2 4 2 0 6 3 3 4 1 4 0 5 3 6 1 
fileSpam_5.txt 1 0 0 2 0 0 1 1 0 0 0 0 2 1 0 0 0 1 1 1 0 0 2 1 0 1 0 0 0 1 2 4 5 5 2 3 1 1 2 5 4 5 0 3 2 4 3 3 1 2 6 2 2 3 0 2 2 2 3 5 
fileSpam_50.txt 0 1 0 1 1 1 0 0 0 0 0 1 0 2 2 0 1 1 1 1 1 1 1 1 1 0 1 0 0 0 4 4 2 4 1 5 2 1 3 2 4 1 1 1 1 4 0 4 4 3 6 6 4 2 4 1 2 2 1 2 
fileSpam_6.txt 0 1 2 0 0 0 0 2 1 2 0 0 0 0 0 1 2 1 0 0 0 0 0 1 0 0 0 1 0 2 3 2 2 4 0 3 3 3 3 3 2 1 4 1 8 5 7 2 3 2 2 2 2 2 0 2 3 4 2 4 
fileSpam_7.txt 0 0 2 0 0 0 0 0 0 0 0 0 1 0 1 1 1 0 1 1 1 2 0 0 1 0 1 1 1 1 0 1 4 4 3 4 3 1 0 2 5 3 4 4 3 1 6 2 1 4 4 0 2 2 2 3 4 4 6 2 
fileSpam_8.txt 0 0 0 0 1 0 0 0 0 0 0 0 2 0 1 0 2 0 0 0 0 2 1 2 0 0 1 0 0 1 0 4 3 5 4 2 2 3 2 3 4 4 1 3 2 2 0 5 3 3 6 4 3 4 2 3 2 3 1 4 
fileSpam_9.txt 1 1 0 1 1 2 0 1 0 0 0 0 1 1 3 0 0 1 1 1 1 0 3 1 0 0 0 0 0 0 1 1 1 0 2 3 3 3 1 2 4 1 4 0 1 3 4 2 4 2 8 5 7 1 4 1 1 4 4 3 